metadata:
  benchmark_dir: /Users/deborah/benchmark/wavlm_inference_test/indoors_transport/metrics
  input_dir: /Users/deborah/benchmark/wavlm_inference_test/indoors_transport/audio
  run_info:
    host: Deborahs-MacBook-Pro.local
    name: indoors_transport
    start_time: 2024-12-17-17-51-49
    user: deborah
metrics:
  charlotte_car_16k_easy.wav:
    CAcc: 0.2660217881202698
    CER: 0.7339782118797302
    EED: 0.5668630003929138
    MOS_BAK: 4.202332973480225
    MOS_BAK_p: 4.498886585235596
    MOS_OVR: 3.2240471839904785
    MOS_OVR_p: 3.7049245834350586
    MOS_SIG: 3.4340219497680664
    MOS_SIG_p: 3.8801774978637695
    PESQ: 3.3577003479003906
    SI-SNR: 25.733230590820312
    STOI: 0.9634451270103455
    WAcc: 0.10588234663009644
    WER: 0.8941176533699036
    WER_JOSH: 0.8941176533699036
    WIP: 0.0323030911386013
    p808_MOS: 3.08341383934021
    p808_MOS_p: 3.08341383934021
  charlotte_car_baby2_16k_medium.wav:
    CAcc: 0.27941179275512695
    CER: 0.720588207244873
    EED: 0.5312024354934692
    MOS_BAK: 4.065167427062988
    MOS_BAK_p: 4.384166240692139
    MOS_OVR: 3.015360116958618
    MOS_OVR_p: 3.590425968170166
    MOS_SIG: 3.3313872814178467
    MOS_SIG_p: 3.9663069248199463
    PESQ: 3.5725581645965576
    SI-SNR: 14.826554298400879
    STOI: 0.9704686999320984
    WAcc: 0.20512819290161133
    WER: 0.7948718070983887
    WER_JOSH: 0.7948718070983887
    WIP: 0.16410256922245026
    p808_MOS: 3.148498058319092
    p808_MOS_p: 3.148498058319092
  charlotte_car_baby_16k_medium.wav:
    CAcc: 0.3232628107070923
    CER: 0.6767371892929077
    EED: 0.5567665696144104
    MOS_BAK: 4.145493507385254
    MOS_BAK_p: 4.356184959411621
    MOS_OVR: 3.076878547668457
    MOS_OVR_p: 3.6234896183013916
    MOS_SIG: 3.3253173828125
    MOS_SIG_p: 3.927325487136841
    PESQ: 3.4368114471435547
    SI-SNR: 8.161998748779297
    STOI: 0.9462934732437134
    WAcc: 0.10169494152069092
    WER: 0.8983050584793091
    WER_JOSH: 0.8983050584793091
    WIP: 0.012711863964796066
    p808_MOS: 3.448927640914917
    p808_MOS_p: 3.448927640914917
  charlotte_train_real_16k_medium.wav:
    CAcc: 0.3615257143974304
    CER: 0.6384742856025696
    EED: 0.5301910638809204
    MOS_BAK: 4.072436809539795
    MOS_BAK_p: 4.188986778259277
    MOS_OVR: 2.7777304649353027
    MOS_OVR_p: 3.0583980083465576
    MOS_SIG: 3.1020641326904297
    MOS_SIG_p: 3.5104377269744873
    PESQ: 3.450597047805786
    SI-SNR: 20.00757598876953
    STOI: 0.9019502401351929
    WAcc: 0.1834862232208252
    WER: 0.8165137767791748
    WER_JOSH: 0.8165137767791748
    WIP: 0.04645221307873726
    p808_MOS: 3.0586419105529785
    p808_MOS_p: 3.0586419105529785
