metadata:
  benchmark_dir: /nfs/home/speech_benchmarking/output_files/mega_12_16_v2_male/indoors_transport/metrics
  input_dir: /nfs/home/speech_benchmarking/output_files/mega_12_16_v2_male/indoors_transport/audio
  run_info:
    host: box-Z170XP-SLI
    name: indoors_transport
    start_time: 2024-12-12-17-50-02
    user: josh
metrics:
  charlotte_car_16k_easy.wav:
    CAcc: 0.5054413676261902
    CER: 0.4945586323738098
    EED: 0.4446609616279602
    MOS_BAK: 4.167767524719238
    MOS_BAK_p: 4.625170707702637
    MOS_OVR: 3.090853214263916
    MOS_OVR_p: 3.8137478828430176
    MOS_SIG: 3.323127508163452
    MOS_SIG_p: 4.033176898956299
    PESQ: 3.9198250770568848
    SI-SNR: 21.901580810546875
    STOI: 0.9713103175163269
    WAcc: 0.34117645025253296
    WER: 0.658823549747467
    WER_JOSH: 0.658823549747467
    WIP: 0.1444396823644638
    p808_MOS: 3.2403604984283447
    p808_MOS_p: 3.2403604984283447
  charlotte_car_baby2_16k_medium.wav:
    CAcc: 0.343137264251709
    CER: 0.656862735748291
    EED: 0.4452002942562103
    MOS_BAK: 4.128291130065918
    MOS_BAK_p: 4.22289514541626
    MOS_OVR: 2.923156499862671
    MOS_OVR_p: 3.064095973968506
    MOS_SIG: 3.19584059715271
    MOS_SIG_p: 3.4686336517333984
    PESQ: 3.88806414604187
    SI-SNR: 12.684882164001465
    STOI: 0.9751701951026917
    WAcc: 0.23076921701431274
    WER: 0.7692307829856873
    WER_JOSH: 0.7692307829856873
    WIP: 0.12980769574642181
    p808_MOS: 3.501786231994629
    p808_MOS_p: 3.501786231994629
  charlotte_car_baby_16k_medium.wav:
    CAcc: 0.16918426752090454
    CER: 0.8308157324790955
    EED: 0.6401673555374146
    MOS_BAK: 4.146498203277588
    MOS_BAK_p: 4.473790168762207
    MOS_OVR: 3.0829758644104004
    MOS_OVR_p: 3.365283727645874
    MOS_SIG: 3.3071978092193604
    MOS_SIG_p: 3.560257911682129
    PESQ: 3.5731656551361084
    SI-SNR: 9.812911987304688
    STOI: 0.9833682179450989
    WAcc: 0.06779658794403076
    WER: 0.9322034120559692
    WER_JOSH: 0.9322034120559692
    WIP: 0.02465331368148327
    p808_MOS: 3.553332567214966
    p808_MOS_p: 3.553332567214966
  charlotte_train_real_16k_medium.wav:
    CAcc: 0.0
    CER: 3.834162473678589
    EED: 0.8336083889007568
    MOS_BAK: 4.076379299163818
    MOS_BAK_p: 4.452671051025391
    MOS_OVR: 2.6879079341888428
    MOS_OVR_p: 3.1679270267486572
    MOS_SIG: 3.023265838623047
    MOS_SIG_p: 3.547173500061035
    PESQ: 3.671360969543457
    SI-SNR: 8.909928321838379
    STOI: 0.9816890954971313
    WAcc: 0.0
    WER: 3.7981650829315186
    WER_JOSH: 3.7981650829315186
    WIP: 0.0010677940445020795
    p808_MOS: 2.6496546268463135
    p808_MOS_p: 2.6496546268463135
