metadata:
  benchmark_dir: /nfs/home/speech_benchmarking/output_files/mega_12_16_v2_female/music/metrics
  input_dir: /nfs/home/speech_benchmarking/output_files/mega_12_16_v2_female/music/audio
  run_info:
    host: box-Z170XP-SLI
    name: music
    start_time: 2024-12-12-17-46-25
    user: josh
metrics:
  music_in_office_with_speech_1_easy.wav:
    CAcc: 0.6013985872268677
    CER: 0.3986014127731323
    EED: 0.35646334290504456
    MOS_BAK: 4.044612407684326
    MOS_BAK_p: 4.086862564086914
    MOS_OVR: 3.1466808319091797
    MOS_OVR_p: 3.392270803451538
    MOS_SIG: 3.426664352416992
    MOS_SIG_p: 3.7602012157440186
    PESQ: 3.7541890144348145
    SI-SNR: 23.40135955810547
    STOI: 0.9479674696922302
    WAcc: 0.3877550959587097
    WER: 0.6122449040412903
    WER_JOSH: 0.6122449040412903
    WIP: 0.2036965787410736
    p808_MOS: 3.6110682487487793
    p808_MOS_p: 3.6110682487487793
  music_in_office_with_speech_2_easy.wav:
    CAcc: 0.2734225392341614
    CER: 0.7265774607658386
    EED: 0.5276620984077454
    MOS_BAK: 4.129271030426025
    MOS_BAK_p: 4.472780704498291
    MOS_OVR: 2.8006598949432373
    MOS_OVR_p: 2.9183647632598877
    MOS_SIG: 3.1130518913269043
    MOS_SIG_p: 3.1909749507904053
    PESQ: 3.160851001739502
    SI-SNR: 17.369260787963867
    STOI: 0.9075681567192078
    WAcc: 0.11764705181121826
    WER: 0.8823529481887817
    WER_JOSH: 0.8823529481887817
    WIP: 0.037151701748371124
    p808_MOS: 2.906517744064331
    p808_MOS_p: 2.906517744064331
