metadata:
  benchmark_dir: /Users/deborah/benchmark/wavlm_ov5_maleenc_inference/indoors_quiet/metrics
  input_dir: /Users/deborah/benchmark/wavlm_ov5_maleenc_inference/indoors_quiet/audio
  run_info:
    host: Deborahs-MacBook-Pro.local
    name: indoors_quiet
    start_time: 2024-12-18-15-21-25
    user: deborah
metrics:
  charlotte_lounge_notv_16k_easy.wav:
    CAcc: 0.3515625
    CER: 0.6484375
    EED: 0.49948549270629883
    MOS_BAK: 4.157698154449463
    MOS_BAK_p: 4.657242774963379
    MOS_OVR: 3.09631085395813
    MOS_OVR_p: 4.1248016357421875
    MOS_SIG: 3.3428354263305664
    MOS_SIG_p: 4.335550308227539
    PESQ: 3.7895724773406982
    SI-SNR: 21.68349838256836
    STOI: 0.9821859002113342
    WAcc: 0.2054794430732727
    WER: 0.7945205569267273
    WER_JOSH: 0.7945205569267273
    WIP: 0.08330248296260834
    p808_MOS: 3.491619348526001
    p808_MOS_p: 3.491619348526001
  conversation_deb0_stewart180_real_easy.wav:
    CAcc: 0.6231375932693481
    CER: 0.37686240673065186
    EED: 0.13209857046604156
    MOS_BAK: 4.217436790466309
    MOS_BAK_p: 4.489010334014893
    MOS_OVR: 3.41841983795166
    MOS_OVR_p: 4.085319519042969
    MOS_SIG: 3.614671468734741
    MOS_SIG_p: 4.358865737915039
    PESQ: 3.886577606201172
    SI-SNR: 27.851215362548828
    STOI: 0.9930263757705688
    WAcc: 0.5978835821151733
    WER: 0.4021163880825043
    WER_JOSH: 0.4021163880825043
    WIP: 0.6744693517684937
    p808_MOS: 3.869837522506714
    p808_MOS_p: 3.869837522506714
  deborah_getting_further_away_real_medium.wav:
    CAcc: 0.41807907819747925
    CER: 0.5819209218025208
    EED: 0.39816659688949585
    MOS_BAK: 4.185240745544434
    MOS_BAK_p: 4.53126335144043
    MOS_OVR: 3.011697292327881
    MOS_OVR_p: 3.436347007751465
    MOS_SIG: 3.251558542251587
    MOS_SIG_p: 3.6471383571624756
    PESQ: 3.800288200378418
    SI-SNR: 20.909503936767578
    STOI: 0.9919183850288391
    WAcc: 0.23529410362243652
    WER: 0.7647058963775635
    WER_JOSH: 0.7647058963775635
    WIP: 0.12745098769664764
    p808_MOS: 3.0183074474334717
    p808_MOS_p: 3.0183074474334717
  josh_near_far.wav:
    CAcc: 0.8784530162811279
    CER: 0.12154696136713028
    EED: 0.16782177984714508
    MOS_BAK: 4.226940155029297
    MOS_BAK_p: 4.631076812744141
    MOS_OVR: 3.337430477142334
    MOS_OVR_p: 4.143088340759277
    MOS_SIG: 3.5404045581817627
    MOS_SIG_p: 4.3517165184021
    PESQ: 3.716855525970459
    SI-SNR: 25.0810489654541
    STOI: 0.9920267462730408
    WAcc: 0.8333333134651184
    WER: 0.1666666716337204
    WER_JOSH: 0.1666666716337204
    WIP: 0.7575757503509521
    p808_MOS: 3.833078622817993
    p808_MOS_p: 3.833078622817993
