metadata:
  benchmark_dir: /nfs/home/speech_benchmarking/output_files/demucs_340//indoors_quiet/metrics
  input_dir: /nfs/home/speech_benchmarking/output_files/demucs_340//indoors_quiet/audio
  run_info:
    host: box-Z170XP-SLI
    name: indoors_quiet
    start_time: 2025-01-03-16-42-00
    user: josh
metrics:
  charlotte_lounge_notv_16k_easy.wav:
    CAcc: 0.8255208134651184
    CER: 0.1744791716337204
    EED: 0.19450801610946655
    MOS_BAK: 3.3542211055755615
    MOS_BAK_p: 2.8788466453552246
    MOS_OVR: 2.5755653381347656
    MOS_OVR_p: 2.6846346855163574
    MOS_SIG: 3.0860390663146973
    MOS_SIG_p: 3.450247287750244
    PESQ: 1.1732268333435059
    SI-SNR: -3.564772605895996
    STOI: 0.6766167879104614
    WAcc: 0.7260273694992065
    WER: 0.27397260069847107
    WER_JOSH: 0.27397260069847107
    WIP: 0.5576732158660889
    p808_MOS: 3.0567429065704346
    p808_MOS_p: 3.0567429065704346
  conversation_deb0_stewart180_real_easy.wav:
    CAcc: 0.9851008057594299
    CER: 0.014899211004376411
    EED: 0.014390953816473484
    MOS_BAK: 3.2190778255462646
    MOS_BAK_p: 2.9498209953308105
    MOS_OVR: 2.556708574295044
    MOS_OVR_p: 2.8889806270599365
    MOS_SIG: 3.1340219974517822
    MOS_SIG_p: 3.7684521675109863
    PESQ: 1.1776330471038818
    SI-SNR: -4.674355983734131
    STOI: 0.7630224823951721
    WAcc: 0.9788359999656677
    WER: 0.021164020523428917
    WER_JOSH: 0.021164020523428917
    WIP: 0.963216245174408
    p808_MOS: 3.2748634815216064
    p808_MOS_p: 3.2748634815216064
  deborah_getting_further_away_real_medium.wav:
    CAcc: 0.0
    CER: 1.98870050907135
    EED: 0.44732728600502014
    MOS_BAK: 3.6770131587982178
    MOS_BAK_p: 3.9936635494232178
    MOS_OVR: 2.4490864276885986
    MOS_OVR_p: 3.0695605278015137
    MOS_SIG: 2.797497272491455
    MOS_SIG_p: 3.5310091972351074
    PESQ: 1.3870303630828857
    SI-SNR: 2.9979336261749268
    STOI: 0.682844340801239
    WAcc: 0.0
    WER: 2.029411792755127
    WER_JOSH: 2.029411792755127
    WIP: 0.31401383876800537
    p808_MOS: 2.3760406970977783
    p808_MOS_p: 2.3760406970977783
  josh_near_far.wav:
    CAcc: 1.0
    CER: 0.0
    EED: 0.0008079719846136868
    MOS_BAK: 3.1514737606048584
    MOS_BAK_p: 3.004424810409546
    MOS_OVR: 2.4162614345550537
    MOS_OVR_p: 2.5018627643585205
    MOS_SIG: 2.985703706741333
    MOS_SIG_p: 3.1193604469299316
    PESQ: 1.2408766746520996
    SI-SNR: 0.9941895008087158
    STOI: 0.776263415813446
    WAcc: 1.0
    WER: 0.0
    WER_JOSH: 0.0
    WIP: 1.0
    p808_MOS: 3.1428494453430176
    p808_MOS_p: 3.1428494453430176
