metadata:
  benchmark_dir: /Users/deborah/benchmark/wavlm_ov5_maleenc_inference/music/metrics
  input_dir: /Users/deborah/benchmark/wavlm_ov5_maleenc_inference/music/audio
  run_info:
    host: Deborahs-MacBook-Pro.local
    name: music
    start_time: 2024-12-18-15-18-34
    user: deborah
metrics:
  music_in_office_with_speech_1_easy.wav:
    CAcc: 0.6468531489372253
    CER: 0.35314685106277466
    EED: 0.35593220591545105
    MOS_BAK: 4.160269260406494
    MOS_BAK_p: 4.453360557556152
    MOS_OVR: 3.0673892498016357
    MOS_OVR_p: 3.5905489921569824
    MOS_SIG: 3.2920591831207275
    MOS_SIG_p: 3.817228317260742
    PESQ: 3.81565523147583
    SI-SNR: 26.091604232788086
    STOI: 0.9945082068443298
    WAcc: 0.5102040767669678
    WER: 0.4897959232330322
    WER_JOSH: 0.4897959232330322
    WIP: 0.2898886799812317
    p808_MOS: 3.700843095779419
    p808_MOS_p: 3.700843095779419
  music_in_office_with_speech_2_easy.wav:
    CAcc: 0.4703632593154907
    CER: 0.5296367406845093
    EED: 0.48569726943969727
    MOS_BAK: 4.061146259307861
    MOS_BAK_p: 4.343007564544678
    MOS_OVR: 2.9011662006378174
    MOS_OVR_p: 3.2649197578430176
    MOS_SIG: 3.160612106323242
    MOS_SIG_p: 3.4812331199645996
    PESQ: 3.599307060241699
    SI-SNR: 24.74991226196289
    STOI: 0.9812214970588684
    WAcc: 0.30392158031463623
    WER: 0.6960784196853638
    WER_JOSH: 0.6960784196853638
    WIP: 0.1326981633901596
    p808_MOS: 3.49418044090271
    p808_MOS_p: 3.49418044090271
