metadata:
  benchmark_dir: /nfs/home/speech_benchmarking/output_files/mega_12_16_v2_live/indoors_quiet/metrics
  input_dir: /nfs/home/speech_benchmarking/output_files/mega_12_16_v2_live/indoors_quiet/audio
  run_info:
    host: box-Z170XP-SLI
    name: indoors_quiet
    start_time: 2024-12-12-17-46-33
    user: josh
metrics:
  charlotte_lounge_notv_16k_easy.wav:
    CAcc: 0.34375
    CER: 0.65625
    EED: 0.5349777340888977
    MOS_BAK: 4.184902667999268
    MOS_BAK_p: 4.724745750427246
    MOS_OVR: 3.1056365966796875
    MOS_OVR_p: 3.932394504547119
    MOS_SIG: 3.3712422847747803
    MOS_SIG_p: 4.181036472320557
    PESQ: 3.9431495666503906
    SI-SNR: 26.691740036010742
    STOI: 0.9462444186210632
    WAcc: 0.2054794430732727
    WER: 0.7945205569267273
    WER_JOSH: 0.7945205569267273
    WIP: 0.09339975565671921
    p808_MOS: 3.4106945991516113
    p808_MOS_p: 3.4106945991516113
  conversation_deb0_stewart180_real_easy.wav:
    CAcc: 0.7300613522529602
    CER: 0.2699386477470398
    EED: 0.1536969542503357
    MOS_BAK: 4.077823162078857
    MOS_BAK_p: 4.169213771820068
    MOS_OVR: 3.297572135925293
    MOS_OVR_p: 3.894644260406494
    MOS_SIG: 3.586130142211914
    MOS_SIG_p: 4.316745758056641
    PESQ: 3.877481698989868
    SI-SNR: 23.036394119262695
    STOI: 0.9929404258728027
    WAcc: 0.6613756418228149
    WER: 0.33862432837486267
    WER_JOSH: 0.33862432837486267
    WIP: 0.5998291373252869
    p808_MOS: 3.7444865703582764
    p808_MOS_p: 3.7444865703582764
  deborah_getting_further_away_real_medium.wav:
    CAcc: 0.0
    CER: 3.310734510421753
    EED: 0.6036080121994019
    MOS_BAK: 4.142611980438232
    MOS_BAK_p: 4.504349231719971
    MOS_OVR: 2.920163631439209
    MOS_OVR_p: 3.3228306770324707
    MOS_SIG: 3.232576370239258
    MOS_SIG_p: 3.6306397914886475
    PESQ: 3.917032480239868
    SI-SNR: 18.941944122314453
    STOI: 0.9774930477142334
    WAcc: 0.0
    WER: 3.382352828979492
    WER_JOSH: 3.382352828979492
    WIP: 0.11274509876966476
    p808_MOS: 2.965557098388672
    p808_MOS_p: 2.965557098388672
  josh_near_far.wav:
    CAcc: 0.9668508172035217
    CER: 0.033149171620607376
    EED: 0.09608186036348343
    MOS_BAK: 4.203961372375488
    MOS_BAK_p: 4.639423370361328
    MOS_OVR: 3.3534345626831055
    MOS_OVR_p: 4.175835132598877
    MOS_SIG: 3.5815513134002686
    MOS_SIG_p: 4.394759654998779
    PESQ: 3.804982900619507
    SI-SNR: 20.731403350830078
    STOI: 0.9828382730484009
    WAcc: 0.9444444179534912
    WER: 0.0555555559694767
    WER_JOSH: 0.0555555559694767
    WIP: 0.8919752836227417
    p808_MOS: 3.837038040161133
    p808_MOS_p: 3.837038040161133
