metadata:
  benchmark_dir: /Users/deborah/benchmark/wavlm_inference_test/music/metrics
  input_dir: /Users/deborah/benchmark/wavlm_inference_test/music/audio
  run_info:
    host: Deborahs-MacBook-Pro.local
    name: music
    start_time: 2024-12-17-17-51-40
    user: deborah
metrics:
  music_in_office_with_speech_1_easy.wav:
    CAcc: 0.5944055914878845
    CER: 0.4055944085121155
    EED: 0.4212598502635956
    MOS_BAK: 4.15061616897583
    MOS_BAK_p: 4.51261568069458
    MOS_OVR: 3.0970051288604736
    MOS_OVR_p: 3.540046215057373
    MOS_SIG: 3.3215436935424805
    MOS_SIG_p: 3.752645254135132
    PESQ: 3.763037919998169
    SI-SNR: 23.807035446166992
    STOI: 0.9968173503875732
    WAcc: 0.3877550959587097
    WER: 0.6122449040412903
    WER_JOSH: 0.6122449040412903
    WIP: 0.1567520648241043
    p808_MOS: 3.6588168144226074
    p808_MOS_p: 3.6588168144226074
  music_in_office_with_speech_2_easy.wav:
    CAcc: 0.0
    CER: 3.2619502544403076
    EED: 0.7640683650970459
    MOS_BAK: 4.124403476715088
    MOS_BAK_p: 4.28338623046875
    MOS_OVR: 2.981605052947998
    MOS_OVR_p: 3.0279343128204346
    MOS_SIG: 3.2159245014190674
    MOS_SIG_p: 3.2597270011901855
    PESQ: 3.472621202468872
    SI-SNR: 21.471620559692383
    STOI: 0.9796684384346008
    WAcc: 0.0
    WER: 4.529411792755127
    WER_JOSH: 4.529411792755127
    WIP: 0.002077102195471525
    p808_MOS: 3.4673330783843994
    p808_MOS_p: 3.4673330783843994
