metadata:
  benchmark_dir: /nfs/home/speech_benchmarking/output_files/mega_12_16_v2_female/indoors_transport/metrics
  input_dir: /nfs/home/speech_benchmarking/output_files/mega_12_16_v2_female/indoors_transport/audio
  run_info:
    host: box-Z170XP-SLI
    name: indoors_transport
    start_time: 2024-12-12-17-45-22
    user: josh
metrics:
  charlotte_car_16k_easy.wav:
    CAcc: 0.43893593549728394
    CER: 0.5610640645027161
    EED: 0.4571857750415802
    MOS_BAK: 4.124691486358643
    MOS_BAK_p: 4.318601131439209
    MOS_OVR: 3.0495190620422363
    MOS_OVR_p: 3.3734092712402344
    MOS_SIG: 3.2900819778442383
    MOS_SIG_p: 3.627377986907959
    PESQ: 3.849459171295166
    SI-SNR: 24.1641902923584
    STOI: 0.9744151830673218
    WAcc: 0.28823530673980713
    WER: 0.7117646932601929
    WER_JOSH: 0.7117646932601929
    WIP: 0.13580317795276642
    p808_MOS: 3.0347483158111572
    p808_MOS_p: 3.0347483158111572
  charlotte_car_baby2_16k_medium.wav:
    CAcc: 0.3382353186607361
    CER: 0.6617646813392639
    EED: 0.4900188446044922
    MOS_BAK: 4.08353853225708
    MOS_BAK_p: 4.117950439453125
    MOS_OVR: 3.148747205734253
    MOS_OVR_p: 3.424461841583252
    MOS_SIG: 3.465146780014038
    MOS_SIG_p: 3.942110776901245
    PESQ: 3.262693166732788
    SI-SNR: 17.61545181274414
    STOI: 0.9105278849601746
    WAcc: 0.1538461446762085
    WER: 0.8461538553237915
    WER_JOSH: 0.8461538553237915
    WIP: 0.06593406945466995
    p808_MOS: 3.340261936187744
    p808_MOS_p: 3.340261936187744
  charlotte_car_baby_16k_medium.wav:
    CAcc: 0.3746223449707031
    CER: 0.6253776550292969
    EED: 0.4899100363254547
    MOS_BAK: 4.079193115234375
    MOS_BAK_p: 3.947498321533203
    MOS_OVR: 3.100282669067383
    MOS_OVR_p: 2.827806234359741
    MOS_SIG: 3.366614818572998
    MOS_SIG_p: 3.176483154296875
    PESQ: 3.4512743949890137
    SI-SNR: 13.89649486541748
    STOI: 0.9156789183616638
    WAcc: 0.16949152946472168
    WER: 0.8305084705352783
    WER_JOSH: 0.8305084705352783
    WIP: 0.043459370732307434
    p808_MOS: 3.6095223426818848
    p808_MOS_p: 3.6095223426818848
  charlotte_train_real_16k_medium.wav:
    CAcc: 0.0
    CER: 1.5854063034057617
    EED: 0.7400609254837036
    MOS_BAK: 4.05225133895874
    MOS_BAK_p: 4.3394999504089355
    MOS_OVR: 2.473562479019165
    MOS_OVR_p: 2.5380311012268066
    MOS_SIG: 2.782865047454834
    MOS_SIG_p: 2.8666274547576904
    PESQ: 3.128618001937866
    SI-SNR: 17.796119689941406
    STOI: 0.8065707683563232
    WAcc: 0.0
    WER: 2.1284403800964355
    WER_JOSH: 2.1284403800964355
    WIP: 0.0003513566334731877
    p808_MOS: 2.661346673965454
    p808_MOS_p: 2.661346673965454
