metadata:
  benchmark_dir: /nfs/home/speech_benchmarking/output_files/mega_12_16_v2_live/music/metrics
  input_dir: /nfs/home/speech_benchmarking/output_files/mega_12_16_v2_live/music/audio
  run_info:
    host: box-Z170XP-SLI
    name: music
    start_time: 2024-12-12-17-48-51
    user: josh
metrics:
  music_in_office_with_speech_1_easy.wav:
    CAcc: 0.6433566808700562
    CER: 0.35664334893226624
    EED: 0.3581421375274658
    MOS_BAK: 4.177452087402344
    MOS_BAK_p: 4.642277240753174
    MOS_OVR: 3.3210346698760986
    MOS_OVR_p: 3.9746880531311035
    MOS_SIG: 3.5418074131011963
    MOS_SIG_p: 4.148747444152832
    PESQ: 3.8006253242492676
    SI-SNR: 24.189502716064453
    STOI: 0.9868181943893433
    WAcc: 0.3469387888908386
    WER: 0.6530612111091614
    WER_JOSH: 0.6530612111091614
    WIP: 0.16981132328510284
    p808_MOS: 3.785613536834717
    p808_MOS_p: 3.785613536834717
  music_in_office_with_speech_2_easy.wav:
    CAcc: 0.0
    CER: 1.8833651542663574
    EED: 0.7652115225791931
    MOS_BAK: 4.062248706817627
    MOS_BAK_p: 4.428612232208252
    MOS_OVR: 2.697115659713745
    MOS_OVR_p: 2.805015802383423
    MOS_SIG: 3.021287441253662
    MOS_SIG_p: 3.0987682342529297
    PESQ: 3.49550199508667
    SI-SNR: 22.936555862426758
    STOI: 0.9535134434700012
    WAcc: 0.0
    WER: 2.2352941036224365
    WER_JOSH: 2.2352941036224365
    WIP: 0.00017050298629328609
    p808_MOS: 3.218949794769287
    p808_MOS_p: 3.218949794769287
