metadata:
  benchmark_dir: /Users/deborah/benchmark/wavlm_ov5_femaleenc_inference/music/metrics
  input_dir: /Users/deborah/benchmark/wavlm_ov5_femaleenc_inference/music/audio
  run_info:
    host: Deborahs-MacBook-Pro.local
    name: music
    start_time: 2024-12-18-12-05-39
    user: deborah
metrics:
  music_in_office_with_speech_1_easy.wav:
    CAcc: 0.6433566808700562
    CER: 0.35664334893226624
    EED: 0.3917261064052582
    MOS_BAK: 4.144504070281982
    MOS_BAK_p: 4.404393196105957
    MOS_OVR: 3.120534658432007
    MOS_OVR_p: 3.40458345413208
    MOS_SIG: 3.367600679397583
    MOS_SIG_p: 3.6471140384674072
    PESQ: 3.744420051574707
    SI-SNR: 24.043420791625977
    STOI: 0.995226263999939
    WAcc: 0.4285714030265808
    WER: 0.5714285969734192
    WER_JOSH: 0.5714285969734192
    WIP: 0.20000000298023224
    p808_MOS: 3.513050079345703
    p808_MOS_p: 3.513050079345703
  music_in_office_with_speech_2_easy.wav:
    CAcc: 0.4722753167152405
    CER: 0.5277246832847595
    EED: 0.46120235323905945
    MOS_BAK: 4.023290157318115
    MOS_BAK_p: 3.8163559436798096
    MOS_OVR: 2.706742286682129
    MOS_OVR_p: 2.735231876373291
    MOS_SIG: 2.991651773452759
    MOS_SIG_p: 3.1189157962799072
    PESQ: 3.4659807682037354
    SI-SNR: 24.350191116333008
    STOI: 0.9586027264595032
    WAcc: 0.3235294222831726
    WER: 0.6764705777168274
    WER_JOSH: 0.6764705777168274
    WIP: 0.152521014213562
    p808_MOS: 3.5821404457092285
    p808_MOS_p: 3.5821404457092285
