metadata:
  benchmark_dir: /nfs/home/speech_benchmarking/sample_files//indoors_transport/metrics
  input_dir: /nfs/home/speech_benchmarking/sample_files//indoors_transport/audio
  run_info:
    host: box-Z170XP-SLI
    name: indoors_transport
    start_time: 2024-12-11-17-04-53
    user: josh
metrics:
  charlotte_car_16k_easy.wav:
    CAcc: 1.0
    CER: 0.0
    EED: 0.0003495281271170825
    MOS_BAK: 1.2136932611465454
    MOS_BAK_p: 1.7560557126998901
    MOS_OVR: 1.116801142692566
    MOS_OVR_p: 2.0637526512145996
    MOS_SIG: 1.2966198921203613
    MOS_SIG_p: 3.4690446853637695
    PESQ: 1.132276177406311
    SI-SNR: -12.720322608947754
    STOI: 0.7555824518203735
    WAcc: 1.0
    WER: 0.0
    WER_JOSH: 0.0
    WIP: 1.0
    p808_MOS: 2.866429567337036
    p808_MOS_p: 2.866429567337036
  charlotte_car_baby2_16k_medium.wav:
    CAcc: 1.0
    CER: 0.0
    EED: 0.0013869625981897116
    MOS_BAK: 1.1980658769607544
    MOS_BAK_p: 1.8472356796264648
    MOS_OVR: 1.092933177947998
    MOS_OVR_p: 2.020317554473877
    MOS_SIG: 1.1876615285873413
    MOS_SIG_p: 3.3530261516571045
    PESQ: 1.126646876335144
    SI-SNR: -14.078095436096191
    STOI: 0.714538037776947
    WAcc: 1.0
    WER: 0.0
    WER_JOSH: 0.0
    WIP: 1.0
    p808_MOS: 2.3772006034851074
    p808_MOS_p: 2.3772006034851074
  charlotte_car_baby_16k_medium.wav:
    CAcc: 1.0
    CER: 0.0
    EED: 0.0008688097586855292
    MOS_BAK: 1.1548668146133423
    MOS_BAK_p: 1.5523070096969604
    MOS_OVR: 1.103664755821228
    MOS_OVR_p: 1.8001216650009155
    MOS_SIG: 1.1839150190353394
    MOS_SIG_p: 3.249116897583008
    PESQ: 1.1683429479599
    SI-SNR: -15.982771873474121
    STOI: 0.5730316042900085
    WAcc: 1.0
    WER: 0.0
    WER_JOSH: 0.0
    WIP: 1.0
    p808_MOS: 2.6505472660064697
    p808_MOS_p: 2.6505472660064697
  charlotte_train_real_16k_medium.wav:
    CAcc: 1.0
    CER: 0.0
    EED: 0.00047221785644069314
    MOS_BAK: 1.165581226348877
    MOS_BAK_p: 1.6840602159500122
    MOS_OVR: 1.0868064165115356
    MOS_OVR_p: 1.7260589599609375
    MOS_SIG: 1.173114538192749
    MOS_SIG_p: 2.9241669178009033
    PESQ: 1.1870753765106201
    SI-SNR: -14.515509605407715
    STOI: 0.4526229500770569
    WAcc: 1.0
    WER: 0.0
    WER_JOSH: 0.0
    WIP: 1.0
    p808_MOS: 2.3810713291168213
    p808_MOS_p: 2.3810713291168213
