metadata:
  benchmark_dir: /Users/deborah/benchmark/wavlm_ov5_maleenc_inference/indoors_transport/metrics
  input_dir: /Users/deborah/benchmark/wavlm_ov5_maleenc_inference/indoors_transport/audio
  run_info:
    host: Deborahs-MacBook-Pro.local
    name: indoors_transport
    start_time: 2024-12-18-15-18-42
    user: deborah
metrics:
  charlotte_car_16k_easy.wav:
    CAcc: 0.27690446376800537
    CER: 0.7230955362319946
    EED: 0.5739927291870117
    MOS_BAK: 4.207226753234863
    MOS_BAK_p: 4.600714683532715
    MOS_OVR: 3.1265652179718018
    MOS_OVR_p: 3.582486867904663
    MOS_SIG: 3.318659543991089
    MOS_SIG_p: 3.707787036895752
    PESQ: 3.6012821197509766
    SI-SNR: 22.25887680053711
    STOI: 0.9868867993354797
    WAcc: 0.09411764144897461
    WER: 0.9058823585510254
    WER_JOSH: 0.9058823585510254
    WIP: 0.022816400974988937
    p808_MOS: 3.126372814178467
    p808_MOS_p: 3.126372814178467
  charlotte_car_baby2_16k_medium.wav:
    CAcc: 0.2598039507865906
    CER: 0.7401960492134094
    EED: 0.5454888343811035
    MOS_BAK: 4.184354305267334
    MOS_BAK_p: 4.465559959411621
    MOS_OVR: 3.0907297134399414
    MOS_OVR_p: 3.4851315021514893
    MOS_SIG: 3.349498987197876
    MOS_SIG_p: 3.743983745574951
    PESQ: 3.760803461074829
    SI-SNR: 22.1114444732666
    STOI: 0.9866681098937988
    WAcc: 0.1794871687889099
    WER: 0.8205128312110901
    WER_JOSH: 0.8205128312110901
    WIP: 0.12564103305339813
    p808_MOS: 3.248914957046509
    p808_MOS_p: 3.248914957046509
  charlotte_car_baby_16k_medium.wav:
    CAcc: 0.29909366369247437
    CER: 0.7009063363075256
    EED: 0.5797610878944397
    MOS_BAK: 4.178720951080322
    MOS_BAK_p: 4.362639427185059
    MOS_OVR: 3.111680507659912
    MOS_OVR_p: 3.7369613647460938
    MOS_SIG: 3.3360540866851807
    MOS_SIG_p: 4.052184104919434
    PESQ: 3.864927291870117
    SI-SNR: 22.040782928466797
    STOI: 0.9666682481765747
    WAcc: 0.11864405870437622
    WER: 0.8813559412956238
    WER_JOSH: 0.8813559412956238
    WIP: 0.026790594682097435
    p808_MOS: 3.4722869396209717
    p808_MOS_p: 3.4722869396209717
  charlotte_train_real_16k_medium.wav:
    CAcc: 0.4063017964363098
    CER: 0.5936982035636902
    EED: 0.505987286567688
    MOS_BAK: 4.068449974060059
    MOS_BAK_p: 4.373366355895996
    MOS_OVR: 2.753159999847412
    MOS_OVR_p: 3.1222310066223145
    MOS_SIG: 3.0435314178466797
    MOS_SIG_p: 3.433849811553955
    PESQ: 3.7704994678497314
    SI-SNR: 20.99169158935547
    STOI: 0.9399917125701904
    WAcc: 0.2568807601928711
    WER: 0.7431192398071289
    WER_JOSH: 0.7431192398071289
    WIP: 0.1057744175195694
    p808_MOS: 2.8096113204956055
    p808_MOS_p: 2.8096113204956055
