metadata:
  benchmark_dir: /nfs/home/speech_benchmarking/sample_files//indoors_quiet/metrics
  input_dir: /nfs/home/speech_benchmarking/sample_files//indoors_quiet/audio
  run_info:
    host: box-Z170XP-SLI
    name: indoors_quiet
    start_time: 2024-12-11-17-03-50
    user: josh
metrics:
  charlotte_lounge_notv_16k_easy.wav:
    CAcc: 1.0
    CER: 0.0
    EED: 0.0007532010786235332
    MOS_BAK: 3.66180157661438
    MOS_BAK_p: 3.5924081802368164
    MOS_OVR: 2.59281849861145
    MOS_OVR_p: 2.924143075942993
    MOS_SIG: 3.1449992656707764
    MOS_SIG_p: 3.723680257797241
    PESQ: 1.2614648342132568
    SI-SNR: 2.1455068588256836
    STOI: 0.7130530476570129
    WAcc: 1.0
    WER: 0.0
    WER_JOSH: 0.0
    WIP: 1.0
    p808_MOS: 2.938601016998291
    p808_MOS_p: 2.938601016998291
  conversation_deb0_stewart180_real_easy.wav:
    CAcc: 1.0
    CER: 0.0
    EED: 0.0002587768540252
    MOS_BAK: 3.861483573913574
    MOS_BAK_p: 3.8358078002929688
    MOS_OVR: 2.9834420680999756
    MOS_OVR_p: 3.5951714515686035
    MOS_SIG: 3.3659605979919434
    MOS_SIG_p: 4.190824508666992
    PESQ: 1.1975640058517456
    SI-SNR: -0.6536364555358887
    STOI: 0.7698633670806885
    WAcc: 1.0
    WER: 0.0
    WER_JOSH: 0.0
    WIP: 1.0
    p808_MOS: 3.2655935287475586
    p808_MOS_p: 3.2655935287475586
  deborah_getting_further_away_real_medium.wav:
    CAcc: 1.0
    CER: 0.0
    EED: 0.0016547159757465124
    MOS_BAK: 3.036078691482544
    MOS_BAK_p: 2.7643699645996094
    MOS_OVR: 2.088538885116577
    MOS_OVR_p: 1.9768677949905396
    MOS_SIG: 2.8234517574310303
    MOS_SIG_p: 3.0320539474487305
    PESQ: 1.1814507246017456
    SI-SNR: 2.7296762466430664
    STOI: 0.650007963180542
    WAcc: 1.0
    WER: 0.0
    WER_JOSH: 0.0
    WIP: 1.0
    p808_MOS: 2.4405863285064697
    p808_MOS_p: 2.4405863285064697
  josh_near_far.wav:
    CAcc: 1.0
    CER: 0.0
    EED: 0.0008079719846136868
    MOS_BAK: 3.191519021987915
    MOS_BAK_p: 2.9105589389801025
    MOS_OVR: 2.605647087097168
    MOS_OVR_p: 3.0585429668426514
    MOS_SIG: 3.2847177982330322
    MOS_SIG_p: 3.9993319511413574
    PESQ: 1.772871494293213
    SI-SNR: 16.32266616821289
    STOI: 0.9107820987701416
    WAcc: 1.0
    WER: 0.0
    WER_JOSH: 0.0
    WIP: 1.0
    p808_MOS: 3.2879326343536377
    p808_MOS_p: 3.2879326343536377
