metadata:
  benchmark_dir: /nfs/home/speech_benchmarking/output_files/demucs_340//music/metrics
  input_dir: /nfs/home/speech_benchmarking/output_files/demucs_340//music/audio
  run_info:
    host: box-Z170XP-SLI
    name: music
    start_time: 2025-01-03-16-44-04
    user: josh
metrics:
  music_in_office_with_speech_1_easy.wav:
    CAcc: 0.9825174808502197
    CER: 0.017482517287135124
    EED: 0.01681237481534481
    MOS_BAK: 3.1005859375
    MOS_BAK_p: 1.754930853843689
    MOS_OVR: 2.4998044967651367
    MOS_OVR_p: 2.1142725944519043
    MOS_SIG: 3.156900644302368
    MOS_SIG_p: 3.715855360031128
    PESQ: 1.2260751724243164
    SI-SNR: -2.1155667304992676
    STOI: 0.6852312088012695
    WAcc: 0.9795918464660645
    WER: 0.020408162847161293
    WER_JOSH: 0.020408162847161293
    WIP: 0.9596002101898193
    p808_MOS: 2.742161989212036
    p808_MOS_p: 2.742161989212036
  music_in_office_with_speech_2_easy.wav:
    CAcc: 0.3346080183982849
    CER: 0.6653919816017151
    EED: 0.4480440020561218
    MOS_BAK: 2.311030864715576
    MOS_BAK_p: 1.8239705562591553
    MOS_OVR: 1.8184940814971924
    MOS_OVR_p: 2.1927525997161865
    MOS_SIG: 2.5387892723083496
    MOS_SIG_p: 3.6152892112731934
    PESQ: 1.1585869789123535
    SI-SNR: -10.511073112487793
    STOI: 0.6484084129333496
    WAcc: 0.29411762952804565
    WER: 0.7058823704719543
    WER_JOSH: 0.7058823704719543
    WIP: 0.2521008551120758
    p808_MOS: 2.780405282974243
    p808_MOS_p: 2.780405282974243
