metadata:
  benchmark_dir: /nfs/home/speech_benchmarking/output_files/demucs_340//indoors_transport/metrics
  input_dir: /nfs/home/speech_benchmarking/output_files/demucs_340//indoors_transport/audio
  run_info:
    host: box-Z170XP-SLI
    name: indoors_transport
    start_time: 2025-01-03-16-43-01
    user: josh
metrics:
  charlotte_car_16k_easy.wav:
    CAcc: 0.8524788618087769
    CER: 0.14752116799354553
    EED: 0.12301012873649597
    MOS_BAK: 1.4444019794464111
    MOS_BAK_p: 1.7389177083969116
    MOS_OVR: 1.2391997575759888
    MOS_OVR_p: 1.858569622039795
    MOS_SIG: 1.5843476057052612
    MOS_SIG_p: 3.2522716522216797
    PESQ: 1.1393576860427856
    SI-SNR: -9.46012020111084
    STOI: 0.7400633692741394
    WAcc: 0.699999988079071
    WER: 0.30000001192092896
    WER_JOSH: 0.30000001192092896
    WIP: 0.49880239367485046
    p808_MOS: 2.751993417739868
    p808_MOS_p: 2.751993417739868
  charlotte_car_baby2_16k_medium.wav:
    CAcc: 0.38235294818878174
    CER: 0.6176470518112183
    EED: 0.4706331193447113
    MOS_BAK: 1.1438751220703125
    MOS_BAK_p: 1.732419490814209
    MOS_OVR: 1.117866039276123
    MOS_OVR_p: 2.053133010864258
    MOS_SIG: 1.1929972171783447
    MOS_SIG_p: 3.647285223007202
    PESQ: 1.1394152641296387
    SI-SNR: -13.878673553466797
    STOI: 0.823392391204834
    WAcc: 0.23076921701431274
    WER: 0.7692307829856873
    WER_JOSH: 0.7692307829856873
    WIP: 0.17307692766189575
    p808_MOS: 2.275313377380371
    p808_MOS_p: 2.275313377380371
  charlotte_car_baby_16k_medium.wav:
    CAcc: 0.4894259572029114
    CER: 0.5105740427970886
    EED: 0.39442816376686096
    MOS_BAK: 1.1474177837371826
    MOS_BAK_p: 1.5898692607879639
    MOS_OVR: 1.1070854663848877
    MOS_OVR_p: 1.6825357675552368
    MOS_SIG: 1.1788491010665894
    MOS_SIG_p: 3.0934221744537354
    PESQ: 1.1519720554351807
    SI-SNR: -13.193325996398926
    STOI: 0.6783688068389893
    WAcc: 0.2881355881690979
    WER: 0.7118644118309021
    WER_JOSH: 0.7118644118309021
    WIP: 0.0844535380601883
    p808_MOS: 2.3690974712371826
    p808_MOS_p: 2.3690974712371826
  charlotte_train_real_16k_medium.wav:
    CAcc: 0.8457711338996887
    CER: 0.15422885119915009
    EED: 0.17866361141204834
    MOS_BAK: 1.432477355003357
    MOS_BAK_p: 1.7376824617385864
    MOS_OVR: 1.3780995607376099
    MOS_OVR_p: 1.940954566001892
    MOS_SIG: 1.8510169982910156
    MOS_SIG_p: 3.3806862831115723
    PESQ: 1.178595781326294
    SI-SNR: -5.9305830001831055
    STOI: 0.6418926119804382
    WAcc: 0.6972477436065674
    WER: 0.302752286195755
    WER_JOSH: 0.302752286195755
    WIP: 0.5195178985595703
    p808_MOS: 2.4048614501953125
    p808_MOS_p: 2.4048614501953125
