metadata:
  benchmark_dir: /nfs/home/speech_benchmarking/output_files/mega_12_16_v2_female/indoors_quiet/metrics
  input_dir: /nfs/home/speech_benchmarking/output_files/mega_12_16_v2_female/indoors_quiet/audio
  run_info:
    host: box-Z170XP-SLI
    name: indoors_quiet
    start_time: 2024-12-12-17-44-23
    user: josh
metrics:
  charlotte_lounge_notv_16k_easy.wav:
    CAcc: 0.3125
    CER: 0.6875
    EED: 0.5199834108352661
    MOS_BAK: 4.177510738372803
    MOS_BAK_p: 4.54577112197876
    MOS_OVR: 3.3144938945770264
    MOS_OVR_p: 3.92043137550354
    MOS_SIG: 3.565723419189453
    MOS_SIG_p: 4.21873664855957
    PESQ: 3.7392525672912598
    SI-SNR: 19.53078842163086
    STOI: 0.8232423067092896
    WAcc: 0.232876718044281
    WER: 0.767123281955719
    WER_JOSH: 0.767123281955719
    WIP: 0.13651394844055176
    p808_MOS: 3.132695436477661
    p808_MOS_p: 3.132695436477661
  conversation_deb0_stewart180_real_easy.wav:
    CAcc: 0.615249752998352
    CER: 0.38475021719932556
    EED: 0.1449197381734848
    MOS_BAK: 3.964430570602417
    MOS_BAK_p: 3.5757761001586914
    MOS_OVR: 3.278748035430908
    MOS_OVR_p: 3.6546313762664795
    MOS_SIG: 3.6234726905822754
    MOS_SIG_p: 4.358678340911865
    PESQ: 3.9277212619781494
    SI-SNR: 23.524120330810547
    STOI: 0.9859226942062378
    WAcc: 0.5661375522613525
    WER: 0.43386244773864746
    WER_JOSH: 0.43386244773864746
    WIP: 0.5878989696502686
    p808_MOS: 3.673964262008667
    p808_MOS_p: 3.673964262008667
  deborah_getting_further_away_real_medium.wav:
    CAcc: 0.0
    CER: 1.389830470085144
    EED: 0.39718934893608093
    MOS_BAK: 4.119480133056641
    MOS_BAK_p: 4.33821439743042
    MOS_OVR: 2.91037917137146
    MOS_OVR_p: 2.8671038150787354
    MOS_SIG: 3.1919803619384766
    MOS_SIG_p: 3.099274158477783
    PESQ: 3.639866352081299
    SI-SNR: 22.67632293701172
    STOI: 0.8936790823936462
    WAcc: 0.0
    WER: 1.6176470518112183
    WER_JOSH: 1.6176470518112183
    WIP: 0.27781713008880615
    p808_MOS: 2.8211331367492676
    p808_MOS_p: 2.8211331367492676
  josh_near_far.wav:
    CAcc: 0.9668508172035217
    CER: 0.033149171620607376
    EED: 0.09608186036348343
    MOS_BAK: 4.204033851623535
    MOS_BAK_p: 4.594124794006348
    MOS_OVR: 3.429365873336792
    MOS_OVR_p: 4.146905899047852
    MOS_SIG: 3.657447099685669
    MOS_SIG_p: 4.385601043701172
    PESQ: 3.9574708938598633
    SI-SNR: 22.736736297607422
    STOI: 0.9804503917694092
    WAcc: 0.9444444179534912
    WER: 0.0555555559694767
    WER_JOSH: 0.0555555559694767
    WIP: 0.8919752836227417
    p808_MOS: 3.7221083641052246
    p808_MOS_p: 3.7221083641052246
