metadata:
  benchmark_dir: /Users/deborah/benchmark/wavlm_inference_test/indoors_quiet/metrics
  input_dir: /Users/deborah/benchmark/wavlm_inference_test/indoors_quiet/audio
  run_info:
    host: Deborahs-MacBook-Pro.local
    name: indoors_quiet
    start_time: 2024-12-17-17-54-39
    user: deborah
metrics:
  charlotte_lounge_notv_16k_easy.wav:
    CAcc: 0.3854166865348816
    CER: 0.6145833134651184
    EED: 0.4811493754386902
    MOS_BAK: 4.15230655670166
    MOS_BAK_p: 3.78131103515625
    MOS_OVR: 3.0803680419921875
    MOS_OVR_p: 3.2116525173187256
    MOS_SIG: 3.3607141971588135
    MOS_SIG_p: 3.8059964179992676
    PESQ: 3.800678014755249
    SI-SNR: 22.130664825439453
    STOI: 0.9890590310096741
    WAcc: 0.24657535552978516
    WER: 0.7534246444702148
    WER_JOSH: 0.7534246444702148
    WIP: 0.11380400508642197
    p808_MOS: 3.625002145767212
    p808_MOS_p: 3.625002145767212
  conversation_deb0_stewart180_real_easy.wav:
    CAcc: 0.8361086845397949
    CER: 0.16389133036136627
    EED: 0.08454243093729019
    MOS_BAK: 4.174591064453125
    MOS_BAK_p: 4.392975807189941
    MOS_OVR: 3.308804750442505
    MOS_OVR_p: 3.8471195697784424
    MOS_SIG: 3.5550596714019775
    MOS_SIG_p: 4.142716884613037
    PESQ: 3.94406795501709
    SI-SNR: 24.754810333251953
    STOI: 0.9952259063720703
    WAcc: 0.7830687761306763
    WER: 0.21693122386932373
    WER_JOSH: 0.21693122386932373
    WIP: 0.739974319934845
    p808_MOS: 3.7522470951080322
    p808_MOS_p: 3.7522470951080322
  deborah_getting_further_away_real_medium.wav:
    CAcc: 0.0
    CER: 1.7344633340835571
    EED: 0.5863987803459167
    MOS_BAK: 4.1168365478515625
    MOS_BAK_p: 4.500405788421631
    MOS_OVR: 2.805732250213623
    MOS_OVR_p: 2.986046075820923
    MOS_SIG: 3.117015838623047
    MOS_SIG_p: 3.258141279220581
    PESQ: 3.7337419986724854
    SI-SNR: 19.542238235473633
    STOI: 0.9973426461219788
    WAcc: 0.0
    WER: 2.2058823108673096
    WER_JOSH: 2.2058823108673096
    WIP: 0.11295369267463684
    p808_MOS: 3.0683393478393555
    p808_MOS_p: 3.0683393478393555
  josh_near_far.wav:
    CAcc: 0.8756905794143677
    CER: 0.12430939078330994
    EED: 0.15884116291999817
    MOS_BAK: 4.184574604034424
    MOS_BAK_p: 4.613615036010742
    MOS_OVR: 3.333542585372925
    MOS_OVR_p: 4.100567817687988
    MOS_SIG: 3.5585083961486816
    MOS_SIG_p: 4.330783367156982
    PESQ: 3.6824042797088623
    SI-SNR: 23.33930206298828
    STOI: 0.9914205074310303
    WAcc: 0.8333333134651184
    WER: 0.1666666716337204
    WER_JOSH: 0.1666666716337204
    WIP: 0.7575757503509521
    p808_MOS: 3.8112287521362305
    p808_MOS_p: 3.8112287521362305
