metadata:
  benchmark_dir: /Users/deborah/benchmark/wavlm_ov5_femaleenc_inference/indoors_quiet/metrics
  input_dir: /Users/deborah/benchmark/wavlm_ov5_femaleenc_inference/indoors_quiet/audio
  run_info:
    host: Deborahs-MacBook-Pro.local
    name: indoors_quiet
    start_time: 2024-12-18-12-08-26
    user: deborah
metrics:
  charlotte_lounge_notv_16k_easy.wav:
    CAcc: 0.2916666865348816
    CER: 0.7083333134651184
    EED: 0.5196417570114136
    MOS_BAK: 4.177070140838623
    MOS_BAK_p: 3.43025803565979
    MOS_OVR: 3.1762852668762207
    MOS_OVR_p: 3.3612987995147705
    MOS_SIG: 3.4429469108581543
    MOS_SIG_p: 4.1933393478393555
    PESQ: 3.7749109268188477
    SI-SNR: 25.8890380859375
    STOI: 0.9596168994903564
    WAcc: 0.21917808055877686
    WER: 0.7808219194412231
    WER_JOSH: 0.7808219194412231
    WIP: 0.10626816004514694
    p808_MOS: 3.5106256008148193
    p808_MOS_p: 3.5106256008148193
  conversation_deb0_stewart180_real_easy.wav:
    CAcc: 0.6345311403274536
    CER: 0.3654688894748688
    EED: 0.12747962772846222
    MOS_BAK: 4.1763916015625
    MOS_BAK_p: 4.320715427398682
    MOS_OVR: 3.4541175365448
    MOS_OVR_p: 4.08001184463501
    MOS_SIG: 3.6866650581359863
    MOS_SIG_p: 4.444371223449707
    PESQ: 3.716071844100952
    SI-SNR: 22.137859344482422
    STOI: 0.9930556416511536
    WAcc: 0.6031745672225952
    WER: 0.3968254029750824
    WER_JOSH: 0.3968254029750824
    WIP: 0.6577853560447693
    p808_MOS: 3.773362874984741
    p808_MOS_p: 3.773362874984741
  deborah_getting_further_away_real_medium.wav:
    CAcc: 0.0
    CER: 1.0621469020843506
    EED: 0.49614575505256653
    MOS_BAK: 4.117223739624023
    MOS_BAK_p: 4.503437519073486
    MOS_OVR: 2.796243906021118
    MOS_OVR_p: 3.2312445640563965
    MOS_SIG: 3.0855188369750977
    MOS_SIG_p: 3.4921228885650635
    PESQ: 3.9022445678710938
    SI-SNR: 19.951391220092773
    STOI: 0.977332353591919
    WAcc: 0.0
    WER: 1.4117647409439087
    WER_JOSH: 1.4117647409439087
    WIP: 0.15847234427928925
    p808_MOS: 3.0697882175445557
    p808_MOS_p: 3.0697882175445557
  josh_near_far.wav:
    CAcc: 0.8756905794143677
    CER: 0.12430939078330994
    EED: 0.17545588314533234
    MOS_BAK: 4.170229911804199
    MOS_BAK_p: 3.981870174407959
    MOS_OVR: 3.3820226192474365
    MOS_OVR_p: 3.6024818420410156
    MOS_SIG: 3.6263060569763184
    MOS_SIG_p: 4.0335588455200195
    PESQ: 3.8595714569091797
    SI-SNR: 21.05191421508789
    STOI: 0.9853661060333252
    WAcc: 0.8055555820465088
    WER: 0.1944444477558136
    WER_JOSH: 0.1944444477558136
    WIP: 0.7188034653663635
    p808_MOS: 3.6750235557556152
    p808_MOS_p: 3.6750235557556152
