metadata:
  benchmark_dir: /nfs/home/speech_benchmarking/output_files/mega_12_16_v2_live/indoors_transport/metrics
  input_dir: /nfs/home/speech_benchmarking/output_files/mega_12_16_v2_live/indoors_transport/audio
  run_info:
    host: box-Z170XP-SLI
    name: indoors_transport
    start_time: 2024-12-12-17-47-37
    user: josh
metrics:
  charlotte_car_16k_easy.wav:
    CAcc: 0.5235792398452759
    CER: 0.4764207899570465
    EED: 0.4344881772994995
    MOS_BAK: 4.200069427490234
    MOS_BAK_p: 4.516913890838623
    MOS_OVR: 3.2315032482147217
    MOS_OVR_p: 3.8903346061706543
    MOS_SIG: 3.460000991821289
    MOS_SIG_p: 4.159084320068359
    PESQ: 3.9454689025878906
    SI-SNR: 23.03887367248535
    STOI: 0.8853752017021179
    WAcc: 0.3058823347091675
    WER: 0.6941176652908325
    WER_JOSH: 0.6941176652908325
    WIP: 0.12049911916255951
    p808_MOS: 3.399327039718628
    p808_MOS_p: 3.399327039718628
  charlotte_car_baby2_16k_medium.wav:
    CAcc: 0.3480392098426819
    CER: 0.6519607901573181
    EED: 0.45325884222984314
    MOS_BAK: 4.11937141418457
    MOS_BAK_p: 4.520310401916504
    MOS_OVR: 3.1330723762512207
    MOS_OVR_p: 3.5442893505096436
    MOS_SIG: 3.434999465942383
    MOS_SIG_p: 3.8677444458007812
    PESQ: 3.942359685897827
    SI-SNR: 25.21015167236328
    STOI: 0.9326909184455872
    WAcc: 0.23076921701431274
    WER: 0.7692307829856873
    WER_JOSH: 0.7692307829856873
    WIP: 0.10931174457073212
    p808_MOS: 3.2999560832977295
    p808_MOS_p: 3.2999560832977295
  charlotte_car_baby_16k_medium.wav:
    CAcc: 0.347432017326355
    CER: 0.652567982673645
    EED: 0.5492558479309082
    MOS_BAK: 4.111833095550537
    MOS_BAK_p: 4.441619873046875
    MOS_OVR: 3.1978116035461426
    MOS_OVR_p: 3.5165863037109375
    MOS_SIG: 3.488931179046631
    MOS_SIG_p: 3.786689043045044
    PESQ: 3.7421910762786865
    SI-SNR: 13.897995948791504
    STOI: 0.9255384802818298
    WAcc: 0.16949152946472168
    WER: 0.8305084705352783
    WER_JOSH: 0.8305084705352783
    WIP: 0.045808520168066025
    p808_MOS: 3.670274496078491
    p808_MOS_p: 3.670274496078491
  charlotte_train_real_16k_medium.wav:
    CAcc: 0.0
    CER: 3.4709784984588623
    EED: 0.798549234867096
    MOS_BAK: 4.076670169830322
    MOS_BAK_p: 4.4819207191467285
    MOS_OVR: 2.5945167541503906
    MOS_OVR_p: 3.008103132247925
    MOS_SIG: 2.9371721744537354
    MOS_SIG_p: 3.343074083328247
    PESQ: 3.6688072681427
    SI-SNR: 21.502685546875
    STOI: 0.8830192685127258
    WAcc: 0.0
    WER: 3.908256769180298
    WER_JOSH: 3.908256769180298
    WIP: 0.002104199957102537
    p808_MOS: 2.729174852371216
    p808_MOS_p: 2.729174852371216
