metadata:
  benchmark_dir: /nfs/home/speech_benchmarking/output_files/mega_12_16_v2_male/indoors_quiet/metrics
  input_dir: /nfs/home/speech_benchmarking/output_files/mega_12_16_v2_male/indoors_quiet/audio
  run_info:
    host: box-Z170XP-SLI
    name: indoors_quiet
    start_time: 2024-12-12-17-48-59
    user: josh
metrics:
  charlotte_lounge_notv_16k_easy.wav:
    CAcc: 0.3151041865348816
    CER: 0.6848958134651184
    EED: 0.5369195938110352
    MOS_BAK: 4.183955192565918
    MOS_BAK_p: 4.684174060821533
    MOS_OVR: 3.239438056945801
    MOS_OVR_p: 3.9480955600738525
    MOS_SIG: 3.4718096256256104
    MOS_SIG_p: 4.163363933563232
    PESQ: 3.9201393127441406
    SI-SNR: 18.389917373657227
    STOI: 0.9023276567459106
    WAcc: 0.1780821681022644
    WER: 0.8219178318977356
    WER_JOSH: 0.8219178318977356
    WIP: 0.07716895639896393
    p808_MOS: 3.495704174041748
    p808_MOS_p: 3.495704174041748
  conversation_deb0_stewart180_real_easy.wav:
    CAcc: 0.6336547136306763
    CER: 0.3663453161716461
    EED: 0.1309560388326645
    MOS_BAK: 4.081430435180664
    MOS_BAK_p: 4.197562217712402
    MOS_OVR: 3.3690199851989746
    MOS_OVR_p: 3.981268882751465
    MOS_SIG: 3.6556296348571777
    MOS_SIG_p: 4.387983322143555
    PESQ: 3.8184456825256348
    SI-SNR: 19.998571395874023
    STOI: 0.9957616925239563
    WAcc: 0.5978835821151733
    WER: 0.4021163880825043
    WER_JOSH: 0.4021163880825043
    WIP: 0.6503737568855286
    p808_MOS: 3.878607988357544
    p808_MOS_p: 3.878607988357544
  deborah_getting_further_away_real_medium.wav:
    CAcc: 0.0
    CER: 3.107344627380371
    EED: 0.6006013751029968
    MOS_BAK: 4.160764217376709
    MOS_BAK_p: 4.539151191711426
    MOS_OVR: 2.9648618698120117
    MOS_OVR_p: 3.2998199462890625
    MOS_SIG: 3.2271788120269775
    MOS_SIG_p: 3.5043749809265137
    PESQ: 3.6298398971557617
    SI-SNR: 14.563660621643066
    STOI: 0.9791083931922913
    WAcc: 0.0
    WER: 3.3235294818878174
    WER_JOSH: 3.3235294818878174
    WIP: 0.1531512588262558
    p808_MOS: 3.068709373474121
    p808_MOS_p: 3.068709373474121
  josh_near_far.wav:
    CAcc: 0.9530386924743652
    CER: 0.04696132615208626
    EED: 0.08264462649822235
    MOS_BAK: 4.189474582672119
    MOS_BAK_p: 4.507782459259033
    MOS_OVR: 3.344581365585327
    MOS_OVR_p: 4.094844341278076
    MOS_SIG: 3.5773963928222656
    MOS_SIG_p: 4.382691383361816
    PESQ: 3.7994301319122314
    SI-SNR: 17.111873626708984
    STOI: 0.991683840751648
    WAcc: 0.875
    WER: 0.125
    WER_JOSH: 0.125
    WIP: 0.7792998552322388
    p808_MOS: 3.841053009033203
    p808_MOS_p: 3.841053009033203
