metadata:
  benchmark_dir: /nfs/home/speech_benchmarking/output_files/mega_12_16_v2_male/music/metrics
  input_dir: /nfs/home/speech_benchmarking/output_files/mega_12_16_v2_male/music/audio
  run_info:
    host: box-Z170XP-SLI
    name: music
    start_time: 2024-12-12-17-51-15
    user: josh
metrics:
  music_in_office_with_speech_1_easy.wav:
    CAcc: 0.7412587404251099
    CER: 0.25874125957489014
    EED: 0.3020954728126526
    MOS_BAK: 4.166162967681885
    MOS_BAK_p: 4.395020484924316
    MOS_OVR: 3.2335329055786133
    MOS_OVR_p: 3.7510509490966797
    MOS_SIG: 3.4591023921966553
    MOS_SIG_p: 4.019830703735352
    PESQ: 3.3768301010131836
    SI-SNR: 14.98888111114502
    STOI: 0.9951052665710449
    WAcc: 0.5510203838348389
    WER: 0.44897958636283875
    WER_JOSH: 0.44897958636283875
    WIP: 0.30994898080825806
    p808_MOS: 3.7598307132720947
    p808_MOS_p: 3.7598307132720947
  music_in_office_with_speech_2_easy.wav:
    CAcc: 0.14340347051620483
    CER: 0.8565965294837952
    EED: 0.6019303798675537
    MOS_BAK: 4.105417251586914
    MOS_BAK_p: 4.427844047546387
    MOS_OVR: 2.7175517082214355
    MOS_OVR_p: 2.984929084777832
    MOS_SIG: 3.037668228149414
    MOS_SIG_p: 3.219214916229248
    PESQ: 2.9490103721618652
    SI-SNR: 10.88868236541748
    STOI: 0.9629348516464233
    WAcc: 0.09803920984268188
    WER: 0.9019607901573181
    WER_JOSH: 0.9019607901573181
    WIP: 0.05159958824515343
    p808_MOS: 3.2675909996032715
    p808_MOS_p: 3.2675909996032715
