metadata:
  benchmark_dir: /Users/deborah/benchmark/wavlm_ov5_femaleenc_inference/indoors_transport/metrics
  input_dir: /Users/deborah/benchmark/wavlm_ov5_femaleenc_inference/indoors_transport/audio
  run_info:
    host: Deborahs-MacBook-Pro.local
    name: indoors_transport
    start_time: 2024-12-18-12-05-48
    user: deborah
metrics:
  charlotte_car_16k_easy.wav:
    CAcc: 0.1741233468055725
    CER: 0.8258766531944275
    EED: 0.6027200222015381
    MOS_BAK: 4.132654666900635
    MOS_BAK_p: 4.537716865539551
    MOS_OVR: 2.9457406997680664
    MOS_OVR_p: 3.44447660446167
    MOS_SIG: 3.149949550628662
    MOS_SIG_p: 3.568948745727539
    PESQ: 3.507964611053467
    SI-SNR: 25.84075927734375
    STOI: 0.9585849046707153
    WAcc: 0.06470590829849243
    WER: 0.9352940917015076
    WER_JOSH: 0.9352940917015076
    WIP: 0.022242648527026176
    p808_MOS: 3.3488998413085938
    p808_MOS_p: 3.3488998413085938
  charlotte_car_baby2_16k_medium.wav:
    CAcc: 0.31372547149658203
    CER: 0.686274528503418
    EED: 0.5187330842018127
    MOS_BAK: 4.159529209136963
    MOS_BAK_p: 4.333738327026367
    MOS_OVR: 3.0003819465637207
    MOS_OVR_p: 3.350351095199585
    MOS_SIG: 3.26723051071167
    MOS_SIG_p: 3.648484706878662
    PESQ: 3.3985705375671387
    SI-SNR: 22.792800903320312
    STOI: 0.9682782292366028
    WAcc: 0.1794871687889099
    WER: 0.8205128312110901
    WER_JOSH: 0.8205128312110901
    WIP: 0.07852564007043839
    p808_MOS: 3.3709988594055176
    p808_MOS_p: 3.3709988594055176
  charlotte_car_baby_16k_medium.wav:
    CAcc: 0.287009060382843
    CER: 0.712990939617157
    EED: 0.5659574270248413
    MOS_BAK: 4.182131767272949
    MOS_BAK_p: 4.548041820526123
    MOS_OVR: 3.1835544109344482
    MOS_OVR_p: 3.711815595626831
    MOS_SIG: 3.4114692211151123
    MOS_SIG_p: 3.950709104537964
    PESQ: 3.4595019817352295
    SI-SNR: 21.336444854736328
    STOI: 0.9255744218826294
    WAcc: 0.1525423526763916
    WER: 0.8474576473236084
    WER_JOSH: 0.8474576473236084
    WIP: 0.05720338970422745
    p808_MOS: 3.381922483444214
    p808_MOS_p: 3.381922483444214
  charlotte_train_real_16k_medium.wav:
    CAcc: 0.42951905727386475
    CER: 0.5704809427261353
    EED: 0.5112016201019287
    MOS_BAK: 4.081374168395996
    MOS_BAK_p: 4.485125541687012
    MOS_OVR: 2.8082234859466553
    MOS_OVR_p: 3.2046380043029785
    MOS_SIG: 3.114872932434082
    MOS_SIG_p: 3.4958629608154297
    PESQ: 3.5427422523498535
    SI-SNR: 20.130905151367188
    STOI: 0.9085168838500977
    WAcc: 0.21100914478302002
    WER: 0.78899085521698
    WER_JOSH: 0.78899085521698
    WIP: 0.055784035474061966
    p808_MOS: 2.846679449081421
    p808_MOS_p: 2.846679449081421
